-4.36469    -1.14267    4.43373
-4.26618    -1.14094    4.43129
-4.16598    -1.14046    4.44332
-4.06571    -1.14027    4.4524
-3.96567    -1.13846    4.47008
-3.86614    -1.13829    4.48204
-3.76347    -1.13868    4.4491
-3.66592    -1.14155    4.42935
-3.56523    -1.14203    4.44731
-3.46465    -1.13988    4.48486
-3.36566    -1.13664    4.50468
-3.26555    -1.13509    4.50811
-3.16557    -1.13615    4.50519
-3.06583    -1.13854    4.46712
-2.96537    -1.14154    4.42915
-2.86504    -1.14163    4.41902
-2.76536    -1.14228    4.41689
-2.66436    -1.14301    4.39711
-2.56619    -1.14606    4.37276
-2.46561    -1.14784    4.33941
-2.36573    -1.14885    4.32576
-2.26687    -1.14719    4.33111
-2.16657    -1.14653    4.35241
-2.06628    -1.14329    4.39189
-1.9655    -1.14217    4.42683
-1.86444    -1.14291    4.43594
-1.76497    -1.14056    4.46279
-1.66414    -1.13824    4.51116
-1.56615    -1.13426    4.54177
-1.4648    -1.13541    4.56053
-1.36556    -1.13461    4.55156
-1.26678    -1.13647    4.5246
-1.16506    -1.13921    4.49492
-1.06624    -1.13536    4.50963
-0.96533    -1.13372    4.5524
-0.86426    -1.13115    4.59821
-0.76414    -1.12987    4.62262
-0.66578    -1.12818    4.63147
-0.56524    -1.12994    4.6239
-0.46566    -1.13067    4.60311
-0.36559    -1.13135    4.6018
-3.01842    2.34318    2.02467
-6.76117    4.32978    2.41171
2.47172    1.77728    2.98751
-4.86602    4.57518    1.31593
6.71446    -4.10299    2.69144
-2.41252    1.20088    2.85897
0.33776    -1.11978    4.9066
-6.85321    0.16278    2.89192
-7.07362    1.24288    0.0823772
-7.66073    1.13248    2.78333
6.10071    -1.27979    0.770607
-4.74511    5.93338    -5.92416
-7.07375    -0.78212    2.29018
-6.1346    5.09408    -2.13979
-6.26484    0.10518    4.68371
-5.80559    -4.11025    2.60309
0.61827    5.52638    -1.82736
-4.64306    4.83678    -1.50518
-4.54756    4.82768    -1.8047
0.762875    6.25318    -2.60313
6.17017    -1.97816    2.0707
-3.44769    3.61138    1.59444
-7.28444    -1.72204    1.59708
2.02981    -1.11727    5.08533
2.13244    -1.11718    5.02481
2.23409    -1.11156    4.98046
2.33452    -1.11544    4.96413
2.43477    -1.11534    4.96207
2.53494    -1.11345    4.97245
2.6346    -1.10906    4.97836
2.73628    -1.1149    4.98612
2.83337    -1.10875    4.97613
2.93264    -1.10854    4.96501
3.03158    -1.10978    4.94852
3.13295    -1.1099    4.9185
3.23275    -1.11207    4.89189
3.33372    -1.11253    4.86974
3.43225    -1.11538    4.85051
3.53134    -1.1164    4.83514
3.63258    -1.11791    4.81465
3.73174    -1.12026    4.78836
3.83041    -1.12339    4.76069
-1.96581    0.78138    3.28628
1.5348    0.816479    4.06768
2.52695    2.13178    1.4317
-6.93545    2.89348    0.473899
1.63427    0.54158    4.23193
-2.5524    1.05368    2.96301
2.33431    1.08908    3.74465
5.69027    -1.45095    -0.526016
-0.25366    1.75238    1.13235
5.82736    -1.01312    2.46952
-5.49264    6.20838    -4.94915
-3.46642    4.92238    0.98771
-1.76813    1.69648    0.578834
-5.56713    5.35198    -1.2539
-5.5425    4.34348    3.41999
-6.26376    3.26728    4.66419
6.19639    -1.69652    1.36945
-3.95363    -4.51387    3.51727
-4.51399    4.35828    -2.4043
-5.76745    1.16368    5.48556
5.5104    -0.0405207    1.37029
-3.29781    -1.7444    -2.00046
-3.09896    -1.74316    -2.00852
-2.99891    -1.74205    -2.01318
1.8723    1.97818    2.62675
4.28466    1.13928    2.65136
-0.39637    1.69768    0.789565
3.6232    1.64058    2.27128
4.73889    0.804479    2.53622
-5.27133    5.35188    -1.30653
3.38725    1.82338    1.89028
3.47068    1.77808    1.92109
1.62675    2.13238    1.24445
1.51244    2.11618    1.20208
1.40288    2.10728    1.16172
1.28877    2.09238    1.11982
1.16219    2.06248    1.07323
1.04802    2.04388    1.03108
0.55349    -1.09834    5.01245
-1.83542    1.51798    -0.184478
3.42839    1.81268    1.76284
-0.63133    1.42978    2.31546
-5.36579    -1.01639    4.18601
-5.2647    -1.01492    4.22157
-5.16685    -1.01122    4.25237
-5.06516    -1.01042    4.28575
-4.96821    -1.00642    4.30769
-4.86577    -1.00582    4.35049
-4.7658    -1.00382    4.37742
-4.6666    -1.00362    4.37921
-4.56518    -1.00372    4.38594
-4.46546    -1.00162    4.41332
-4.36533    -1.00172    4.41285
-4.26562    -1.00052    4.42776
-4.16582    -0.99932    4.44191
-4.06568    -0.998621    4.45423
-3.96565    -0.997721    4.46676
-3.86533    -0.99702    4.46074
-3.76561    -0.99982    4.42964
-3.66571    -1.00192    4.39289
-3.56583    -1.00272    4.38988
-3.46601    -0.99972    4.41816
-3.36599    -0.998621    4.442
-3.26558    -0.998621    4.45334
-3.16574    -0.999621    4.44035
-3.06563    -1.00182    4.40293
-2.96538    -1.00292    4.37907
-2.86477    -1.00142    4.38528
-2.76562    -1.00282    4.39057
-2.66391    -1.00242    4.37484
-2.56521    -1.00502    4.3538
-2.4642    -1.00722    4.30763
-2.36569    -1.01042    4.28589
-2.26597    -1.00862    4.29065
-2.16572    -1.00902    4.31072
-2.06441    -1.00762    4.34604
-1.96471    -1.00592    4.37239
-1.86722    -1.00342    4.37161
-1.76454    -1.00452    4.39772
-1.66382    -1.00252    4.44564
-1.56489    -0.99902    4.47482
-1.46641    -0.994021    4.49525
-1.36602    -0.99482    4.49408
-1.26592    -0.99672    4.47955
-1.16485    -0.99982    4.47052
-1.06559    -0.99602    4.50244
-0.96492    -0.99302    4.55163
-0.86444    -0.99192    4.57425
-0.76483    -0.99102    4.58763
-0.66554    -0.98982    4.59173
-0.56561    -0.990021    4.5914
-0.46582    -0.990821    4.59794
-0.36587    -0.99152    4.59579
-0.26577    -0.99142    4.5571
-0.16584    -0.99202    4.53567
-0.0660202    -0.99142    4.53549
0.0333898    -0.98912    4.55001
0.13387    -0.98692    4.5762
0.23106    -0.98092    4.59538
-4.61463    4.56528    2.56593
0.42686    -0.96522    4.61341
0.52812    -0.96592    4.64193
0.63065    -0.965521    4.67953
0.738966    -0.99292    4.86456
0.838273    -0.99252    4.91403
-5.31991    -3.23002    4.06106
-7.3378    0.71008    0.684122
-7.28047    0.708579    0.584544
-3.46881    3.45548    1.69249
5.44493    -0.186221    0.170216
-7.14269    -0.78082    2.0899
6.25189    -2.39496    1.57064
-1.66461    1.67268    0.907372
5.88652    -2.56467    -0.623758
1.83333    -0.98772    4.85228
1.9345    -0.982121    4.77984
2.03543    -0.98222    4.7793
2.13539    -0.98042    4.79249
2.2378    -0.98502    4.82269
2.33769    -0.97812    4.84818
2.43903    -0.97832    4.8814
2.53798    -0.97582    4.90681
2.63598    -0.972921    4.92414
2.73512    -0.97232    4.94605
2.8341    -0.97082    4.94754
2.93265    -0.97232    4.94308
3.03193    -0.971121    4.92146
3.13194    -0.97192    4.9005
3.23009    -0.96392    4.86928
3.33338    -0.974321    4.84292
3.43225    -0.97642    4.82646
3.53157    -0.979321    4.79911
3.6316    -0.98092    4.77493
-5.46559    0.883479    5.49251
-2.0656    0.786079    3.28086
1.6342    0.816879    4.06844
-0.90919    1.44428    0.165207
5.91863    -1.85918    -0.427159
5.17578    0.0838794    2.84234
-2.46582    1.05318    2.994
2.23429    1.08798    3.73078
-6.34247    -1.37979    -0.70044
0.966238    2.04348    1.57635
-5.93465    3.98448    -1.03379
5.6537    -0.45612    2.27047
-3.26557    4.91998    0.997704
-1.31624    1.54078    0.744254
-5.11164    2.09958    -0.725698
4.34943    1.20148    2.24771
5.68944    -1.02606    -0.326081
-6.15257    -0.16062    -0.403873
-0.83156    5.95658    -1.74248
-2.76926    5.06308    0.798515
-6.61676    4.42508    1.86729
-0.19949    1.76158    1.00696
-5.70424    -0.65722    -1.00719
-5.36371    0.44778    5.25786
-5.45261    4.61698    1.9785
-5.78489    4.39648    3.18263
4.35663    1.07118    2.67797
-0.52785    1.65258    0.741495
3.7158    1.60278    2.29673
4.67243    0.881679    2.51077
-5.18826    5.30538    -1.27578
-4.97804    5.08918    -1.19747
-4.91824    4.99788    -1.17544
-4.85508    4.91018    -1.15196
-4.78833    4.83118    -1.12724
-4.73224    4.73088    -1.10614
-4.67943    4.62138    -1.08674
-6.24136    3.90148    3.94695
-4.67618    4.14878    3.72946
0.933699    2.02508    0.988896
-5.67035    -0.88782    3.95183
-5.56914    -0.88412    4.0136
-5.46591    -0.882021    4.07174
-5.36587    -0.87892    4.12276
-5.26524    -0.87702    4.15931
-5.16618    -0.87352    4.19964
-5.06273    -0.872421    4.23769
-4.96595    -0.86882    4.27557
-4.86453    -0.86672    4.32194
-4.76451    -0.86522    4.34704
-4.66488    -0.86522    4.35892
-4.56514    -0.86352    4.36446
-4.46578    -0.86252    4.37628
-4.36524    -0.863221    4.38409
-4.26567    -0.86112    4.4011
-4.16566    -0.859521    4.41637
-4.06567    -0.859421    4.42667
-3.96572    -0.85922    4.42767
-3.86553    -0.859421    4.4164
-3.76503    -0.85972    4.39418
-3.66505    -0.86372    4.35319
-3.56587    -0.86522    4.32667
-3.46563    -0.86202    4.34421
-3.36585    -0.861821    4.3666
-3.26563    -0.86302    4.37549
-3.16575    -0.86472    4.34958
-3.06564    -0.867721    4.33235
-2.9658    -0.86252    4.34489
-2.86576    -0.86252    4.35671
-2.76492    -0.86202    4.35946
-2.66503    -0.86282    4.35597
-2.56362    -0.86392    4.32279
-2.46285    -0.86662    4.27358
-2.36504    -0.86902    4.24361
-2.27031    -0.864921    4.24646
-2.16562    -0.870921    4.26007
-2.06586    -0.86892    4.27497
-1.96617    -0.86702    4.28995
-1.86535    -0.86832    4.29862
-1.76649    -0.86392    4.32888
-1.6673    -0.86072    4.35707
-1.56606    -0.860921    4.39021
-1.46607    -0.85872    4.41715
-1.36568    -0.859521    4.42652
-1.26479    -0.861721    4.42168
-1.16513    -0.860021    4.43598
-1.06509    -0.856721    4.47601
-0.96414    -0.85662    4.49756
-0.86497    -0.85522    4.51259
-0.76507    -0.85322    4.5383
-0.66573    -0.851221    4.55362
-0.56553    -0.851221    4.56363
-0.46562    -0.84902    4.57076
-0.36409    -0.85042    4.54153
-0.26569    -0.85432    4.51268
-0.16572    -0.85292    4.50952
-0.0656702    -0.853121    4.52723
0.0348298    -0.852521    4.54913
0.13452    -0.851721    4.55133
0.23522    -0.853121    4.52656
-4.71373    4.58038    2.53086
-2.06927    1.77018    1.49668
0.53408    -0.850221    4.55615
0.63555    -0.85432    4.55799
0.734481    -0.85142    4.55347
0.833883    -0.84912    4.55834
0.934533    -0.85142    4.56498
-0.74921    1.61088    0.951743
-1.69072    0.943279    3.12629
-7.10855    -0.78152    2.19006
-1.46385    6.40708    -0.192395
1.43515    -0.85362    4.55709
1.53447    -0.85232    4.57255
1.63419    -0.85012    4.58946
1.73569    -0.84922    4.59398
1.83413    -0.85362    4.58526
1.935    -0.85372    4.59757
2.03676    -0.854421    4.62123
2.14355    -0.85412    4.65516
2.24202    -0.85552    4.71442
2.34019    -0.84772    4.76989
2.43978    -0.844321    4.80739
2.53854    -0.841121    4.83383
2.63769    -0.83952    4.85873
2.73643    -0.83772    4.88358
2.83491    -0.836121    4.89593
2.93307    -0.836521    4.894
3.03286    -0.83492    4.87454
3.13246    -0.835521    4.85097
3.23122    -0.838321    4.83414
3.33236    -0.83822    4.80143
3.43161    -0.84092    4.77402
3.53187    -0.842021    4.73871
-5.36486    0.882079    5.47018
-2.16558    0.787579    3.28241
1.73345    0.81348    4.06392
-3.90297    4.41568    2.38482
-4.46658    4.82748    -2.50524
3.43389    0.93788    3.58952
-2.26694    1.06158    3.0629
-2.36616    1.05598    3.0331
2.13408    1.08468    3.73886
6.06528    -1.70382    2.46906
0.851532    2.02678    1.53428
-7.3764    2.49208    1.6749
5.45191    -0.47292    -0.127663
-3.06704    4.91618    0.966097
-0.6244    1.65038    0.997208
-5.66762    3.12768    4.84848
-4.13275    4.48318    2.4483
5.6785    -0.31262    1.37011
-5.76616    0.59758    5.3605
-5.26401    1.16398    5.4732
-2.8655    5.06498    0.831039
-2.3579    1.80848    0.358712
-0.77663    4.76278    -0.0966789
5.83545    -0.59012    1.0699
2.16833    1.93188    2.7348
4.42852    1.00338    2.70474
-0.65278    1.61318    0.695604
4.55564    0.95078    2.60961
4.53212    1.02488    2.45806
4.60408    0.957479    2.48533
2.90618    2.01658    1.85602
2.81355    2.04408    1.82177
2.43325    2.13408    1.68282
2.02159    2.15918    1.53271
1.91277    2.15478    1.49273
1.79794    2.14168    1.45052
1.68271    2.12958    1.40833
1.57352    2.12238    1.36813
-5.77181    -0.752521    3.85215
-5.66753    -0.74982    3.90944
-5.56653    -0.746921    3.95932
-5.469    -0.74252    4.0027
-5.36664    -0.740921    4.04844
-5.26676    -0.73852    4.08685
-5.16555    -0.736421    4.1348
-5.06497    -0.73382    4.18439
-4.96579    -0.73052    4.22418
-4.86502    -0.729021    4.26048
-4.76493    -0.72802    4.28437
-4.66541    -0.72602    4.29942
-4.56564    -0.72522    4.31278
-4.46559    -0.72462    4.32451
-4.36529    -0.723921    4.3367
-4.26578    -0.72242    4.35143
-4.16568    -0.72182    4.36343
-4.06524    -0.723521    4.37073
-3.96543    -0.719921    4.3573
-3.86545    -0.721621    4.35307
-3.76663    -0.72522    4.33503
-3.66499    -0.72462    4.29218
-3.56584    -0.72802    4.27367
-3.46574    -0.72642    4.27692